50
30
353,1,2,3,4,7,11,14,16,26,27,29,30,31,34,37,38,41,43,46,47,48
140,4,7,8,12,24,29,32,33,41,42
88,1,2,8,11,15,21,22,25,28,34,39,44,49,50
80,2,5,6,7,11,14,16,17,20,22,24,27,34,35,38,39,40,41,50
168,2,4,8,9,14,16,18,23,25,29,31,32,35,36,37,39,40,45,46,49
157,5,9,10,12,13,17,19,23,25,35,39,40,44,45,46,47,50
10,26
63,12,14,20,21,26,41
10,43
50,4,16,37,43,45
45,29,34,35,41,47
67,6,9,41,46,47,48
30,22,24,42,44
30,17,34,41,43
36,10,18,29,32,47,50
36,5,11,13,16,40,41
10,43
53,13,28,30,41
10,49
20,1,30
75,7,26,27,30,35,37,46
32,6,8,33,38
93,6,8,24,35,39,48
102,18,19,25,29,31,42,45
24,23,48
35,14,29,43
48,2,3,14,15,37,40
24,16,43
48,4,16,26,36
36,42,43,50
