150
20
1250,3,5,6,9,11,12,13,16,17,21,22,24,25,28,32,36,37,39,45,46,48,54,58,59,60,61,62,63,67,72,73,74,75,80,82,84,85,87,91,97,105,111,112,115,116,121,122,123,124,126,128,129,131,132,136,138,141,142,143,146,148,149
700,1,5,10,13,15,19,24,27,30,31,33,34,35,37,43,50,54,55,60,63,65,68,71,77,80,81,83,86,88,90,93,94,95,98,101,106,108,113,115,122,129,135,138,140,145,146,148,149
3350,2,6,8,18,19,21,23,24,25,34,36,38,41,42,44,48,49,51,52,56,57,58,59,60,62,66,69,71,79,80,81,86,89,92,96,99,102,103,104,106,109,116,119,121,126,127,129,130,132,135,137,143,147,150
823,4,7,11,14,17,20,24,26,27,29,32,37,40,42,43,45,47,53,63,64,66,67,70,76,78,80,92,99,100,107,110,111,114,115,117,118,120,121,123,124,125,127,131,132,133,134,137,138,139,144,146
64,2,40,52,57,61,85,119,121,124
73,8,13,14,21,63,65,75,91,113,120,128,130,145
25,94,132,133
299,26,28,41,44,50,71,78,79,111,142
379,1,31,35,48,70,99,102,104,106,123,138,144
30,3,42,45,55,56,98,126,127,148
70,10,22,25,51,54,72,80
206,19,24,30,32,76,97,105,121,122,138,143,146
35,5,69,87,89,117,129
69,18,29,47,49,59,108,141,147
285,7,12,39,60,74,85,88,90,92,93,107,109,116,137,149
100,43,62,68,86,103,115,134,139,140,144
52,6,11,15,37,46,53,77,81,83,87,101,110,131
48,9,17,23,27,58,66,95,114,118,125,135
175,16,20,33,64,67,100,136,150
78,4,34,36,38,73,82,84,96,112
