150
15
228,9,10,11,19,22,23,31,32,34,37,40,41,44,46,47,49,53,55,57,60,61,62,64,65,68,69,71,77,80,81,82,85,88,92,94,95,96,98,100,107,108,112,117,122,123,129,132,133,134,135,141,146,147,149
333,1,5,6,7,8,12,13,16,17,20,21,25,27,30,38,39,42,43,45,46,47,48,53,54,55,56,60,64,67,69,72,75,76,78,82,85,86,88,90,97,105,106,107,108,110,111,112,113,115,116,118,119,120,121,123,125,130,135,144,145,147,150
294,2,3,4,13,14,15,18,20,21,23,24,26,28,29,33,35,36,38,43,49,50,51,52,58,59,60,61,63,65,66,70,71,72,73,74,78,79,82,83,84,87,89,91,92,93,94,99,101,102,103,104,109,110,114,123,124,126,127,128,130,131,136,137,138,139,140,141,142,143,147,148
243,5,6,9,14,16,17,27,32,39,65,88,90,126,129,141,145,147
124,10,12,44,48,54,66,77,81,95,97,100,104,120,124,125,139,143,144
45,13,22,57,61,68,70,72,78,89,102,117,140
59,14,18,19,26,30,31,36,43,50,58,99,122,132,135,136,137
229,7,34,41,55,56,62,71,74,80,82,84,86,87,107,109,111,118,131,138
53,37,45,60,84,96,101,110,112,117,119,134
106,3,15,29,63,70,73,116,127,133
90,1,33,59,64,85,101,103,108,128
97,4,94,105,106,142,148,150
43,23,28,35,46,53,75,79,90,92,115
59,2,8,11,20,21,40,42,69,74,98,113,121,146
72,24,25,38,47,49,51,52,67,76,83,91,93,114,123,130,149
