100
20
648,2,4,5,6,7,10,11,13,16,17,20,21,22,23,26,27,30,31,32,35,37,38,41,44,47,55,56,57,62,63,64,65,69,73,76,77,78,79,83,95,96,99,100
216,1,2,5,6,8,9,15,18,27,29,31,34,39,43,45,49,50,52,54,56,61,62,64,67,71,72,74,89,91,96,98
249,1,3,4,16,22,24,25,28,38,39,40,45,48,51,53,55,59,60,63,64,70,71,74,75,80,82,84,86,88,90,93,94,95
479,5,6,10,12,14,19,22,27,32,33,35,36,42,45,46,47,48,49,55,58,66,68,71,74,76,78,80,81,85,87,92,97,100
28,23,43,58
76,1,19,21,33,37,45,75,87
48,1,17,27,70,83,98
114,3,6,18,53,62,81,93
161,10,32,65,67,76,86,99
66,11,20,56,74,78,79,85
29,31,42,64,68
101,5,30,31,39,88,89,100
40,7,25,28,41,54,59,61,65,66,77,94,97
52,1,3,10,22,26,34,82,95
75,9,13,15,38,50,51,52,54,57,63,80,96
57,24,40,53,90,92
30,4,12,55,73
222,8,9,16,29,39,44,46,49,60,69,72,91
36,2,14,35,36,47,73
18,48,71,84
