100
20
1723,3,6,8,9,10,11,13,15,17,19,22,25,29,30,31,32,34,35,36,37,40,41,43,47,48,55,58,64,65,68,69,70,73,74,78,79,80,82,83,84,88,89,97,98,99
63,1,2,4,6,10,11,14,16,20,24,26,37,38,39,42,43,44,47,49,60,63,67,72,75,77,79,82,87,88,92,93,94,98
1242,3,4,7,11,12,13,14,16,18,21,23,26,27,29,33,36,39,40,43,45,50,52,54,57,58,59,61,62,65,67,71,76,77,82,87,90,91,95,96,98
550,3,4,5,6,9,13,15,18,19,22,24,28,30,35,39,43,46,47,48,51,53,55,56,65,66,70,72,76,81,82,84,85,86,93,94,100
53,10,31,57,61,64,74,76,77,100
100,19,25,61,69,78,79,84
17,15,48
72,5,6,8,13,38,43,67,81
32,15,21,26,32,82,86
64,9,17,37,54,62,95
42,3,7,8,24,59,60,65,87,96
138,2,27,47,73,89,92
48,4,12,14,22,79,90
62,20,33,51,67,70,79,99
41,18,42,49,50,71,83,85,93
130,16,29,36,40,56,68
96,1,30,34,63,64,97
46,8,23,28,35,66,75,80,94
91,3,41,44,58,88,91,98
175,11,39,45,46,52,53,55,57,72
