150
10
112,1,2,6,7,9,10,11,12,13,14,15,16,17,18,19,20,22,23,24,25,26,28,29,30,31,33,35,38,41,42,43,44,48,49,52,57,59,62,64,66,67,68,69,70,73,74,75,77,79,80,84,86,87,89,90,91,92,98,100,101,104,106,108,109,112,113,116,117,119,120,122,123,125,126,131,134,137,138,139,140,144,149
378,1,2,3,4,5,8,17,21,24,25,27,28,32,34,35,36,37,39,40,42,43,44,45,46,47,50,51,53,54,55,56,58,60,61,63,65,66,69,71,72,73,74,76,78,81,82,83,85,88,90,93,94,95,96,97,99,102,103,105,107,110,111,114,115,116,117,118,121,124,126,127,128,129,130,132,133,134,135,136,138,140,141,142,143,144,145,146,147,148,150
134,2,7,11,14,22,30,45,60,86,140,144,145,147,148
164,12,29,53,56,61,64,69,87,92,99,100,111,122,126,127,128,139
357,8,40,42,44,59,62,65,67,72,74,77,78,81,82,83,93,116,117,118
256,3,19,25,37,43,50,63,66,80,88,94,121,141,143,149
60,1,6,15,17,23,24,27,33,35,36,41,47,70,89,106,107,110,114,116,119,120,123,129,132,137,138
47,13,26,31,51,71,75,82,85,90,91,95,97,98,103,104,105
607,5,9,10,46,49,52,54,57,58,68,79,96,101,109,113,115,124,125,133,150
294,4,16,18,20,21,28,32,34,38,39,48,55,73,76,84,102,108,112,130,131,134,135,136,142,146
