100
15
2032,3,8,10,12,13,14,15,17,23,25,27,28,34,35,36,37,43,45,46,50,55,57,58,60,65,68,71,75,77,80,81,83,85,86,87,95,96,97,99,100
168,2,4,6,7,16,18,24,25,26,28,29,33,40,42,44,48,53,58,59,61,64,66,67,73,74,77,78,80,81,85,87,90,93
1481,1,2,4,5,9,11,13,14,16,17,19,20,21,22,25,26,28,29,30,31,32,33,36,38,39,41,42,47,49,51,52,54,56,58,62,63,69,70,72,76,77,79,82,84,88,89,91,92,94,96,98,100
42,8,9,60,78,80
53,7,10,14,17,29,31,41,44,66,69,73,76,92
70,25,39,64,68,81,90,94,100
54,3,19,22,48,52,63
156,16,38,51,53,55,71,86,95
126,12,20,34,45,72,75,88,99
41,1,4,30,47,56,89,93,96,98
50,11,24,27,32,37,58,67,83
125,2,6,9,15,42,49,70,87
161,2,5,18,21,35,36,62,74,82,84,85
62,23,28,50,77,87,91,97
297,13,26,33,40,43,46,54,57,59,61,65,79
