150
20
95,2,4,5,6,8,10,12,14,18,22,23,25,31,32,34,36,38,41,42,44,45,47,49,51,52,53,54,56,58,60,66,74,77,78,80,90,94,95,97,98,100,101,102,104,105,106,110,112,113,118,125,130,131,132,136,137,138,141,147,148
2700,4,5,7,10,11,15,16,23,24,28,30,41,42,44,47,50,53,59,64,67,68,70,73,78,79,82,83,86,87,89,91,93,97,107,108,111,112,114,115,116,119,124,125,127,128,134,135,139,141,143,144,149,150
173,3,5,8,14,17,19,21,23,25,26,32,33,35,40,42,52,54,55,57,60,61,63,65,66,69,70,71,74,75,78,81,84,85,87,89,92,94,95,100,103,106,110,117,118,119,126,129,131,133,135,140,141,142,145,146
110,1,3,5,9,13,18,19,20,27,29,30,37,38,39,43,46,48,49,52,54,55,60,62,65,66,67,71,72,76,80,88,89,96,97,99,103,104,109,118,119,120,121,122,123,125,128,129,130,135,136,139,142,143,147
78,5,13,75,120,134,142
36,12,15,52,85,90,94,101,115,128,135,147,149,150
49,18,45,105,106,117,122,123,124,145
141,6,8,11,40,64,74,79,83,86,87,92,95,102,108,109,129,137
41,24,36,59,61,93,103,114,125,132,139
223,14,31,62,70,76,79,116,121
78,1,33,39,49,50,72,93,96,133
86,20,23,32,80,107,148
59,3,28,44,48,56,73,77,82,84,98,104
288,4,7,26,47,51,58,63,71,98,111,119,127,130
214,9,19,21,22,54,60,100,144
106,2,25,35,89,118,141
348,17,38,42,43,67,68,69,81,104,140,146
65,16,57,65,91,110,112,113,126
289,5,27,29,34,37,41,46,53,66,99,136,143
58,10,30,55,78,88,97,131,138
