100
15
82,1,2,4,5,8,10,14,15,17,19,24,25,26,29,30,34,37,38,43,48,55,56,57,59,66,67,72,73,76,78,79,81,85,88,92,95,98
149,5,7,13,16,19,22,31,33,41,42,44,45,46,49,51,52,58,63,69,75,77,79,83,87,88,89,91,94,96,97,98,100
1129,3,4,6,7,9,10,11,12,13,16,18,20,21,22,23,27,28,29,32,33,34,35,36,38,39,40,41,44,47,50,51,53,54,55,60,61,62,64,65,66,68,70,71,74,80,81,82,84,86,90,93,94,97,99,100
177,3,4,23,25,27,28,43,45,74,77,79,91,93
347,9,13,28,44,50,59,61,62,64,69,75,84,86
186,17,21,23,35,46,48,51,52,83,85,95
162,1,14,15,29,33,40,41,53,97
260,8,10,12,15,18,54,63,67,73,76,92,96
254,2,36,39,58,60,78,88,94,100
162,15,34,48,49,66,80,81,87,94
35,5,14,15,22,89
64,26,30,32,42,82
145,6,19,24,55,57,65,71,81,99
105,7,15,16,20,47,56,68,79,90,98
98,11,31,37,38,70,72
