100
10
413,1,5,6,7,10,12,13,14,16,21,22,23,28,29,32,35,39,42,44,45,48,50,52,54,59,61,67,68,69,70,71,73,74,77,81,84,92,94,99,100
2156,2,3,4,8,9,11,15,17,18,19,20,23,24,25,26,27,30,31,33,34,36,37,38,40,41,43,46,47,48,49,51,53,55,56,57,58,60,61,62,63,64,65,66,72,74,75,76,77,78,79,80,82,83,85,86,87,88,89,90,91,93,94,95,96,97,98
57,3,7,9,10,18,19,25,42,59,61,68,81,85,86,91
219,6,22,26,29,35,38,39,41,48,51,52,53,54,64,69,78,83,87
126,2,8,13,14,27,30,80,82,84,88,89,94,98
97,2,16,31,32,34,37,57,60,62,77,79,92,99
49,4,15,17,20,28,67,70,100
62,6,11,12,21,23,36,43,45,55,66,73,74,76
111,1,5,24,33,49,50,56,63,65,71,90,93,95,96,97
163,40,44,46,47,58,65,72,75
