100
10
707,1,2,9,10,12,14,15,16,17,18,21,24,25,26,27,29,32,35,36,37,40,42,44,46,48,49,50,51,52,57,59,61,64,69,70,72,73,74,75,80,82,83,85,86,87,88,89,91,93,95,97,100
122,2,3,4,5,6,7,8,11,12,13,14,19,20,22,23,28,30,31,33,34,38,39,40,41,43,45,47,48,53,54,55,56,58,60,61,62,63,64,65,66,67,68,71,75,76,77,78,79,81,84,89,90,92,94,96,98,99
75,8,12,20,25,27,32,34,35,40,42,51,56,59,60,64,69,73,89,93
39,2,3,4,6,13,15,32,36,44,45,47,54,84
164,5,19,26,30,31,41,52,71,72,78,94,96
99,24,29,33,46,48,58,62,63,75,79,100
90,7,14,21,28,57,65,68,77,87,88,95,97,98
36,1,9,23,37,39,49,50,67,92
130,10,18,22,38,53,61,70,80,82,83,85,86,90,91
196,4,11,16,17,43,55,66,73,74,76,81,99
