150
15
98,3,4,5,6,7,14,15,16,17,19,21,23,24,26,27,28,31,38,39,41,46,48,49,50,51,52,54,55,56,57,58,61,63,66,67,68,69,72,76,78,82,85,86,92,93,94,97,98,101,104,108,111,114,117,120,124,126,130,135,137,138,139,141,142,143,145,147
143,1,2,8,9,11,17,20,22,25,27,29,30,31,32,33,35,37,39,43,44,47,53,59,60,70,71,72,73,74,75,76,77,79,80,81,83,87,89,92,94,96,100,102,103,105,112,113,116,119,123,124,129,131,133,134,136,138,142,146,149,150
474,4,7,10,11,12,13,14,17,18,21,28,31,34,36,40,42,44,45,48,49,58,62,64,65,74,82,84,88,90,91,95,99,100,102,106,107,108,109,110,112,115,118,119,121,122,123,125,127,128,132,133,137,139,140,143,144,145,148
74,9,50,60,81,87,96,97,98,99,114,142,145
71,12,18,61,76,95,103,107,117,121,143
48,11,37,53,54,59,70,81,82,84,92,100,101,115,128,146
54,20,24,32,66,105,132,133
39,21,39,41,43,44,47,65,90,94,104,106,113,136
109,6,19,27,34,42,49,63,71,74,77,86,89,110,116,127,129,138
98,1,23,57,62,68,88,102,109,123,131,150
109,2,10,30,48,55,91,124,126,137,139
37,4,7,8,40,51,81,83,93,130,140,144,147,149
58,3,28,29,36,73,112,135,148
78,5,16,17,25,26,45,46,56,63,64,67,72,75,78,79,80,111,120,122,125,134
262,13,14,15,22,31,33,35,38,52,58,69,85,108,118,119,141
