100
15
164,2,3,5,9,11,13,15,17,19,21,25,27,28,31,38,44,46,56,58,65,66,68,70,75,77,79,81,85,88,89,90,91,93,97,98,100
324,1,3,4,6,8,9,13,14,16,18,20,24,26,30,32,33,36,38,39,45,47,51,52,54,58,61,62,63,66,69,72,74,75,77,78,81,82,83,84,87,92,94,95,97,98,99,100
357,1,2,3,7,10,12,15,22,23,25,29,31,32,34,35,37,39,40,41,42,43,48,49,50,53,55,57,59,60,63,64,66,67,68,71,73,76,78,80,81,86,87,93,96,97
66,7,12,34,61,79,88
35,59,63,70,82,86,99
134,5,37,39,40,50,56,65,68,74,81,84,97
71,4,6,8,32,51,66,85,87,100
36,1,6,13,14,20,36,47,48,78,83
35,33,38,46,62
39,19,35,43,62,64,69,92
34,24,26,31,41,44,52,53,55,60,91
32,2,23,25,28,58,73,75
166,9,10,17,18,27,45,54,57,67,77,86,93,95,98
81,3,15,16,49,62,71,80,94
153,3,11,21,22,29,30,42,72,76,89,90,96
