150
20
1102,1,3,6,7,8,9,11,13,17,18,21,22,23,24,26,29,30,35,36,37,38,39,40,41,42,43,44,47,55,57,58,61,64,65,66,70,71,72,73,75,76,78,80,83,86,93,94,95,96,99,104,106,107,108,109,113,117,118,120,122,123,124,130,131,138,139,141,143,146,149,150
778,12,13,14,16,18,24,31,32,36,38,39,40,43,46,47,48,51,52,57,60,61,63,67,68,70,71,74,75,79,80,82,85,88,92,97,99,100,103,105,106,108,110,112,114,121,123,124,127,128,130,131,132,136,137,140,145,146,147,148
663,2,5,11,19,24,25,28,33,34,39,45,47,51,55,59,62,75,77,79,80,86,87,91,93,94,100,102,103,104,106,107,108,115,118,119,124,125,133,136,142,145,148
455,4,9,10,15,18,20,21,22,23,25,27,30,36,38,41,43,44,49,50,51,53,54,55,56,57,58,64,66,67,69,70,74,76,79,81,84,85,87,88,89,90,91,92,94,98,101,103,111,113,116,118,126,128,129,130,132,134,135,136,139,141,144
73,10,19,27,88,93,117,135,150
28,42,62,67,109,110,137
66,3,40,65,92,97,107,113
56,4,12,16,55,66,76,86,96,114,121,125,131,142
87,2,11,21,30,71,89,91,112,133,136
119,13,24,32,53,61,72,111,120,128,140,148
92,20,26,39,46,48,54,78,87,103,106,108,123,139
44,35,49,57,77,79,82,90,129,147
93,6,12,14,28,73,85,100,101,116
85,29,33,36,41,56,63,94,99,102,149
74,22,31,44,81,130,145
37,5,9,17,23,70,98,105,120,122,127
66,7,18,43,58,74,95
165,8,15,34,50,52,59,80,83,118,119,126,141,146
60,25,37,45,47,64,68,104,115,132,138,143
92,1,38,51,60,69,75,84,124,134,144
