150
10
148,2,3,6,7,9,10,20,23,25,35,37,40,45,49,50,52,55,56,57,60,62,63,65,66,67,68,69,70,72,74,75,77,78,79,80,85,86,89,90,92,93,94,96,99,101,102,103,104,105,106,107,109,110,111,112,113,114,115,118,119,120,121,123,124,125,129,132,134,135,137,139,142,143,146,148,149
825,1,3,4,5,8,9,10,11,12,13,14,15,16,17,18,19,21,22,23,24,25,26,27,28,29,30,31,32,33,34,36,37,38,39,41,42,43,44,46,47,48,50,51,53,54,56,58,59,61,64,68,71,72,73,76,81,82,83,84,87,88,91,95,97,98,100,103,106,108,110,112,116,117,122,123,126,127,128,130,131,133,136,138,139,140,141,144,145,147,150
376,3,8,11,18,32,38,61,79,80,89,96,97,108,115,131,134,137,140,146
400,4,6,7,17,23,33,37,42,50,57,70,73,82,90,92,112,125,127
1472,5,20,22,24,26,27,40,41,44,52,54,55,75,81,83,86,88,110,117,123,124,126,129,130,132,133,138,139,143
141,1,15,25,28,43,60,62,63,65,69,103,104,107,121
143,2,9,29,36,46,47,48,59,66,67,71,85,91,94,98,109,111,135,136,141
40,10,12,19,21,39,49,53,56,106,119,142,147
445,14,30,34,35,45,51,58,64,68,74,76,77,95,99,105,116,128,149,150
525,13,16,31,72,78,84,87,93,100,101,102,113,114,118,120,122,144,145,148
