100
10
128,1,2,3,5,7,9,11,15,16,18,19,23,24,28,30,31,32,33,34,35,37,38,39,41,42,44,46,47,53,59,60,67,69,71,72,74,75,77,78,79,82,83,85,86,87,91,94,95,96
221,1,2,4,5,6,8,10,11,12,13,14,17,20,21,22,25,26,27,28,29,30,36,40,43,45,47,48,49,50,51,52,54,55,56,57,58,61,62,63,64,65,66,68,70,73,75,76,80,81,84,88,89,90,92,93,97,98,99,100
451,1,12,13,16,24,33,56,57,60,64,66,67,70,79,85,86
117,3,17,18,32,75,77,80,87,91,95
138,4,10,14,21,40,52,59,62,63,71,76,82,89,92,93,99
108,6,25,41,46,48,51,61,69,73,96
176,9,11,15,23,31,36,37,43,44,45,88,100
121,2,5,7,26,28,29,34,42,54,68,81
42,27,35,49,58,74,78,94
105,8,19,20,22,30,38,39,47,50,53,55,65,72,73,83,84,90,97,98
