100
15
106,5,6,7,9,10,15,17,18,19,21,22,24,25,30,32,34,38,40,41,43,45,46,47,49,51,52,54,56,57,58,59,61,62,63,66,72,79,80,82,83,84,86,89,91,93,96,99
146,1,2,3,4,7,8,9,11,12,13,14,17,19,20,22,25,26,32,33,37,39,42,43,44,49,51,53,59,60,64,67,68,70,73,74,75,77,78,82,83,87,88,90,91,92,93,94,100
208,2,3,9,12,16,17,19,23,27,28,29,31,34,35,36,48,50,52,55,62,65,67,69,71,76,79,81,83,85,92,95,97,98,100
57,7,24,35,42,44,53,60,67,86
56,16,39,41,48,56,57,73,75
36,5,33,36,38,45,69,79,80,85,93,99
62,4,11,15,23,54,71,82,93
56,3,25,81,95
95,17,19,66,69,70,94
96,6,9,12,13,20,29,49,63,76,77,83,84
361,26,28,30,32,34,40,58,62,65,74,81,98
108,2,10,18,22,37,47,51,88,90,97
234,1,8,21,27,50,52,68,72,78,89
110,31,46,55,59,61,69,91,92
169,14,43,61,64,87,96,100
