150
15
1956,3,5,10,16,17,20,24,33,34,36,37,38,39,40,42,46,47,50,58,61,62,63,68,69,70,73,75,77,83,84,87,92,93,99,100,107,111,112,117,128,130,133,139,143,144,150
1981,2,3,8,9,11,13,14,15,18,21,22,23,26,27,30,36,43,44,45,50,51,52,56,57,60,66,67,70,71,72,73,74,75,76,78,80,81,82,88,90,91,94,95,97,99,101,104,105,106,114,115,116,117,119,120,122,123,124,125,127,130,131,134,135,136,138,143,145,146,147
3979,1,4,6,7,11,12,14,16,19,22,25,28,29,31,32,35,37,41,44,48,49,52,53,54,55,56,59,64,65,67,68,75,76,78,79,81,85,86,89,96,97,98,99,101,102,103,104,108,109,110,113,118,120,121,123,124,126,127,128,129,130,132,134,135,137,140,141,142,148,149,150
562,11,16,26,29,32,40,43,55,66,88,95,101,108,110,126,128,134
78,22,30,79,81,115,132,140
128,17,18,21,34,38,57,63,64,68,71,72,78,85,92,116,117,120,131,133
85,8,10,28,42,46,62,75,103,106,119,142
68,7,24,27,39,56,60,61,70,74,89,93,96,100,104,136,141,148
164,51,67,76,91,98,102,114,122,139,143,144,145
34,31,36,58,97,105,135,138
99,2,9,12,20,42,59,64,73,80,83,94,112,118,121
33,4,5,19,54,69,90,113,123,124,129
99,3,13,14,17,23,33,35,37,48,49,52,53,107,147,149
350,6,25,41,44,47,65,77,84,86,99,109,146
86,1,15,30,45,50,82,87,111,125,127,130,137,150
