150
10
315,4,5,7,9,10,11,12,13,14,15,16,17,19,26,28,30,31,32,33,34,35,37,38,41,42,43,44,45,47,48,50,51,53,54,55,56,61,62,63,65,66,68,69,71,72,74,75,77,78,79,80,81,82,84,85,90,93,94,96,97,101,102,103,106,107,108,109,110,112,113,116,118,119,120,127,132,133,134,136,137,138,139,140,142,143,144,146,148,149,150
107,1,2,3,6,8,18,20,21,22,23,24,25,27,28,29,33,36,38,39,40,46,48,49,52,57,58,59,60,62,64,66,67,69,70,72,73,76,78,83,86,87,88,89,91,92,95,98,99,100,104,105,108,111,114,115,116,117,120,121,122,123,124,125,126,128,129,130,131,135,141,145,147,149
79,4,5,8,10,12,30,57,61,79,80,85,89,117,120,133,134,143
262,27,41,42,60,64,66,68,87,100,110,114,118,121,122,128
83,14,18,32,34,37,63,88,91,97,99,112,116,119,127,132,142,144
116,7,13,16,17,22,28,29,31,33,39,40,53,71,76,86,92,106,108,124,126,140,149
57,2,15,23,38,43,44,45,48,55,56,67,84,95,101,113
371,3,11,21,24,36,47,51,59,62,69,70,77,90,93,98,111,115,136,146,148
180,6,9,20,26,35,52,58,65,73,78,94,96,102,104,105,125,129,137,138,139,145,147
98,1,19,25,46,49,50,54,72,74,75,81,82,83,100,103,107,109,119,123,130,131,135,141,150
