150
20
3046,1,7,9,11,12,15,16,19,23,24,30,31,34,36,41,51,52,54,57,59,61,65,69,71,72,73,76,77,86,87,88,92,96,98,103,108,109,110,116,118,121,122,123,126,132,138,139,140,144,145,148
529,1,2,3,4,18,19,25,27,28,30,32,33,35,38,42,46,49,50,52,54,55,57,58,61,62,63,64,66,69,71,75,78,82,85,88,90,92,93,95,97,98,99,101,104,107,109,114,118,119,125,126,127,129,132,134,145,150
3183,5,6,10,11,13,17,18,19,26,29,32,35,39,41,42,43,44,48,50,53,54,55,56,60,61,62,63,66,69,70,72,75,76,77,79,81,82,83,85,86,89,95,98,101,103,105,106,109,112,116,118,120,123,124,128,130,131,133,135,136,138,141,142,143,144,146,148
1006,8,11,12,13,14,15,18,19,20,21,22,30,32,34,37,40,42,43,45,47,53,54,55,57,58,59,67,68,72,74,80,84,85,86,90,91,94,96,97,100,102,111,112,113,115,116,117,118,119,120,124,125,128,134,136,137,138,141,142,147,148,149,150
71,11,15,48,94,101,125
87,26,29,51,64,65,92,109,118
38,34,40,41,67,75
126,13,33,36,59,76,93,116,121,133,136,148
29,14,23,35,63
50,4,31,50,73,90,99,100,104,119,138
34,3,17,43,57,105,111,112,114,120,132,139
122,2,18,38,47,86,103,124,128,137
141,1,8,39,60,81,110,122,130,134,140,149
137,10,30,42,68,78,83,91,126,129
167,27,32,58,69,72,74,80,96,97,98,117,146
74,7,16,24,32,44,62,88,95,108,127,147
74,12,19,21,25,28,45,49,52,61,89,123
40,6,9,22,37,54,70,79,82,84,107,115,131,135
308,5,20,55,66,85,102,141,142,144,145,150
44,46,53,56,71,77,87,106,113,143
