100
10
80,2,7,8,10,11,12,14,15,16,17,20,21,22,24,25,26,27,29,30,31,33,34,35,37,40,41,42,43,44,46,47,48,50,52,53,54,56,57,58,59,63,65,66,68,69,70,71,72,81,86,89,91,92,95,97
134,1,3,4,5,6,9,13,18,19,21,23,28,32,36,38,39,44,45,49,51,52,54,55,59,60,61,62,63,64,67,72,73,74,75,76,77,78,79,80,81,82,83,84,85,87,88,90,93,94,96,98,99,100
69,5,9,34,45,46,47,64,69,77,78,88,89,90
159,3,15,30,49,52,53,61,74,86,94,98
71,1,17,33,40,41,44,62,80,85,91,92,100
175,10,13,14,24,26,28,36,39,56,63,79,84,87,99
166,19,21,32,35,48,55,58,68,72,73,81,96
86,1,8,11,20,27,31,37,54,65,77,80,93
315,2,9,12,16,25,29,38,42,50,54,59,60,66,71,72,76,82,83,95,97
84,4,6,7,9,18,22,23,43,51,57,67,70,75,96
