150
15
391,3,8,11,15,18,20,21,22,25,30,31,32,33,34,38,39,40,41,42,49,52,56,60,62,63,64,65,66,68,70,72,73,77,81,84,86,93,94,97,98,100,101,102,103,116,119,120,121,122,130,136,137,139,143,145,146,148,149
882,1,4,6,9,10,12,13,15,19,20,21,22,26,29,30,34,36,37,39,45,46,47,48,50,52,53,54,55,59,61,67,75,78,79,80,82,87,89,90,92,95,106,108,110,111,114,116,117,120,123,124,127,133,134,135,137,138,140,141,142,147,150
192,2,5,7,11,12,14,16,17,18,19,20,23,24,25,27,28,34,35,37,39,43,44,45,47,48,51,53,54,57,58,64,69,71,72,74,76,77,83,85,87,88,91,92,95,96,99,102,104,105,107,109,110,112,113,114,115,118,121,125,126,127,128,129,130,131,132,141,143,144,149
84,15,22,31,43,46,48,56,68,76,77,79,94,106,116,119,146
71,8,9,12,19,28,47,63,64,67,69,75,90,97,99,102,117,149
87,6,13,21,51,83,86,130,131,148
180,3,4,7,11,26,35,41,62,88,111,118,136,141
31,52,57,65,72,80,120,127,140
44,14,17,53,55,57,70,84,91,98,103,110,114,132,133,145
97,5,10,16,18,34,60,61,137,143,150
78,24,50,58,73,81,85,105,108,113,115,121,126,129,147
125,25,32,33,49,54,66,87,96,104,134,135,144
66,27,37,38,44,74,93,95,100,101,109,139,142
62,1,20,23,29,36,40,42,45,78,82,89,92,123
73,2,30,39,59,71,107,112,122,124,125,128,138
