150
15
244,4,5,7,10,11,12,15,16,18,19,20,21,25,27,37,39,40,41,43,44,45,46,47,52,53,55,56,57,60,62,66,67,70,79,80,85,86,87,88,92,94,97,99,102,104,105,112,114,116,122,126,130,131,132,134,135,138,139,140,141,144,145,150
173,1,7,13,16,17,21,22,24,26,28,29,31,37,38,42,43,49,54,55,56,58,59,62,68,71,73,75,76,78,85,87,90,91,92,93,94,96,97,98,104,106,107,110,112,113,114,117,118,119,120,121,124,125,126,128,133,136,137,141,142,143,146,147
3840,1,2,3,6,7,8,9,13,14,23,30,32,33,34,35,36,43,48,50,51,52,53,54,55,56,57,61,62,63,64,65,68,69,72,73,74,75,77,81,82,83,84,88,89,91,93,95,100,101,103,104,108,109,110,111,113,115,116,117,122,123,127,129,136,148,149
115,4,5,9,12,26,34,48,71,84,91,97,116,125,149
143,62,63,74,76,111,117
224,9,17,39,42,46,47,49,87,123,124,129,130,131,137,140
159,8,11,40,50,61,65,102,112,113,115,122
73,3,7,36,48,59,95,96,109,118,126,132,136,141,142,146
105,15,16,35,51,68,77,80,98,107,121,127,133,139,148
191,1,13,22,27,37,89,104,106,114,120,147
41,14,19,31,32,70,75,83,86,93,110,119
43,2,18,33,73,78,90,100,108,135,145
52,23,24,29,30,38,60,64,66,69,70,94,105,128,138,144
61,10,20,21,28,43,45,52,56,57,58,79,85,92,134
436,6,25,41,44,53,54,55,67,72,81,82,88,99,101,103,143,150
