100
20
625,4,5,6,9,16,22,24,28,30,31,33,34,37,39,50,51,53,54,55,60,61,64,65,67,69,70,76,77,80,81,82,83,84,88,91,94,99
424,3,4,5,8,9,12,16,17,23,27,29,30,32,36,38,39,40,48,49,50,51,52,54,57,61,62,63,66,68,73,74,75,76,79,82,84,86,89,90,91,95,96,97,99
714,1,2,6,7,10,11,15,18,19,21,25,31,33,40,41,44,47,48,58,59,62,64,74,78,83,90,92,94,96,98,99
1761,1,3,10,11,13,14,18,19,20,26,32,35,38,42,43,44,45,46,50,56,57,61,71,72,75,81,82,85,86,87,91,93,96,100
51,2,3,10,33,38,40,55,87,96,99
103,9,40,48,59,60,69,89
95,12,19,25,28,45,62,81,98
74,37,51,52,53,71
49,6,27,34,57,76,84,90,91
53,18,49,77,82,88
70,3,17,21,32,61,75,83,92
30,7,44,50,58,69,70
50,4,10,64,67,73,79
146,13,23,46,76,78,93
121,24,56,66,75,76,85,100
132,5,9,22,54,86,94
169,8,14,15,26,39,40,72,95,97
26,1,29,41,42,47
219,11,16,31,35,43,55,63,74,76
90,20,21,30,36,65,68,80
