150
15
244,1,3,4,9,11,16,17,31,32,35,36,39,40,42,47,48,50,51,57,59,61,62,68,69,70,71,79,80,81,82,84,86,87,88,89,90,95,96,105,106,107,108,109,110,112,113,114,117,120,122,124,125,129,132,134,135,139,142,143,145,148
103,5,6,10,12,14,18,19,21,22,23,24,26,29,30,34,40,44,45,50,53,55,56,60,65,67,70,72,74,75,76,77,82,83,90,91,92,93,94,96,97,100,103,104,106,107,108,109,113,115,119,123,125,128,129,130,134,136,140,141,143,146,147,149
1188,2,3,6,7,8,10,11,13,15,17,20,24,25,27,28,33,37,38,40,41,43,46,49,51,52,54,58,63,64,66,73,75,78,85,91,92,96,98,99,101,102,107,111,116,118,121,123,125,126,127,128,131,133,136,137,138,144,150
62,25,28,56,72,79,85,92,109,112,114,115,120,130,140,141,147,149
37,29,43,57,97,110,124
253,6,38,41,45,51,55,63,75,78,84,101,102,106,113,122,129,135,137,145
136,14,18,23,34,67,69,93,95,131,150
56,2,9,13,44,48,68,81,83,86,89,103,112,121,126
136,7,12,21,24,31,46,52,54,60,65,74,80,82,94,104,105,107,133,141,143
101,1,19,26,39,43,50,73,87,91,96,138,146
60,3,4,5,22,29,35,71,76,119,123,128,144
91,15,20,32,37,49,70,98,125,136,148
50,8,11,16,30,33,36,40,47,59,62,77,100,111,116,129
40,17,27,42,53,61,66,90,108,127,132,139
85,10,58,64,88,99,117,118,134,142
