100
10
1163,2,3,6,7,10,11,14,17,18,19,20,22,25,27,28,32,35,38,39,40,42,45,48,49,53,54,55,58,60,61,64,65,66,67,68,69,71,72,73,75,77,78,79,80,81,83,85,88,89,91,93,94,96,97,99,100
382,1,4,5,6,8,9,12,13,15,16,18,21,23,24,26,29,30,31,33,34,36,37,41,42,43,44,46,47,50,51,52,56,57,59,60,62,63,67,70,71,74,75,76,81,82,84,86,87,90,92,95,98
461,20,25,26,34,42,48,50,52,53,75,76,83,84,87,89
108,1,3,10,12,39,40,64,73,80,82,86,98
118,13,16,22,30,33,36,37,44,49,51,57,60,62,71,72,74,91,92,96
32,8,9,11,24,67,70,77,90
357,6,15,23,29,35,46,56,58,61,74,85,95
97,4,17,21,32,38,47,65,68,81,93
146,18,19,27,31,41,43,55,66,79,88,94,97,100
338,2,5,7,14,28,45,54,59,63,69,78,99
