100
15
2891,2,4,5,7,10,13,15,17,19,21,23,27,29,30,32,34,38,40,41,45,47,48,50,55,56,59,60,62,67,69,72,73,74,75,77,80,82,84,85,87,88,90,94,95,96,98,100
524,1,3,6,8,9,10,11,12,15,22,25,26,31,35,36,37,38,39,43,46,49,51,52,53,58,60,61,63,64,66,70,71,76,81,82,84,86,89,92,93,97,99
842,2,7,11,13,14,16,18,19,20,21,23,24,28,29,30,33,34,41,42,44,53,54,57,59,65,68,78,79,80,83,86,91
143,3,5,9,13,19,46,49,55,73
221,12,25,35,52,62,83,85,87,93,100
187,10,16,30,31,41,44,53,76,82,88
146,34,38,45,54,61,80,90,92,98
125,11,34,36,56,57,58,60,63,66,74
175,1,6,29,33,37,42,77
110,15,25,32,34,43,48,50,59,67,69,78
96,2,4,7,22,28,58,68,70,95
45,20,21,27,39,47,75,91,94
37,14,17,23,26,40,64,65,71,84
66,8,18,24,51,72,73,79,95
45,38,81,86,89,96,97,99
