150
20
98,1,3,4,6,8,9,11,15,16,17,20,23,25,30,31,32,33,35,36,42,43,48,54,57,63,69,70,71,74,80,85,89,92,94,95,96,102,111,115,119,121,123,131,132,133,138,139,141,142,143,146,147,148,150
1655,1,2,4,5,10,12,17,19,21,22,24,25,26,27,28,29,32,37,39,41,43,45,46,47,49,50,51,55,56,59,63,64,67,68,71,78,80,81,82,84,85,87,91,101,105,111,113,116,117,124,126,132,133,135,136,138,141,144,150
4326,8,10,12,14,18,19,25,34,40,41,43,44,45,46,47,49,50,51,53,56,60,62,64,65,66,67,71,72,74,76,77,80,81,82,86,87,90,91,93,98,99,101,102,103,106,109,110,114,118,119,124,125,128,130,131,132,133,134,135,138,141,143,144,147
99,3,5,7,8,12,13,17,18,20,23,24,37,38,39,40,45,46,47,48,52,57,58,61,62,72,73,74,75,79,83,85,86,88,92,97,99,100,104,105,107,108,109,112,115,117,118,120,122,127,128,129,132,137,140,145,146,149,150
139,19,24,31,33,62,74,85,88,92,107,125,131
139,12,17,25,32,44,71,73,77,123,144
26,7,65,72,110,112,148
46,1,49,105,127
238,8,10,23,26,29,43,45,48,52,67,82,86,109,119,127,136
42,15,54,68,89,106,114,117,120,121,124,141,145,149
318,20,38,49,58,60,84,93,108,120,126,129
106,12,18,28,30,47,50,61,81,94,97,115,137,142
171,6,13,27,37,64,79,83,113,130,135,138
231,35,41,42,49,80,103,104,112,122,134
46,2,21,31,59,69,90,111,118,132
151,5,16,39,66,70,95,150
404,9,40,51,76,78,91,96,100,102,116,128,147
31,14,36,46,53,101,133,139
179,4,34,56,63,79,99,115
65,3,6,11,22,55,57,59,75,87,98,140,143,146
