100
20
523,2,6,9,11,12,17,18,20,21,22,23,25,31,35,37,42,47,48,54,59,62,63,64,65,66,67,68,69,70,72,75,77,80,82,83,87,89,90,91,94,96,99,100
66,1,9,13,15,21,24,28,29,33,36,40,43,44,46,48,49,50,55,56,61,68,70,73,77,81,84,86,91,92,97,98,99,100
87,1,2,3,4,5,6,8,9,10,15,16,17,20,21,24,26,28,31,32,34,37,41,44,45,46,51,58,59,60,64,67,71,73,74,75,76,78,79,80,81,82,84,85,89,93,95,100
81,2,7,14,17,19,22,27,29,30,38,39,42,44,48,49,52,53,57,59,64,70,72,75,76,84,88
166,26,30,40,61,74,91,93,94
62,25,31,62,87
37,4,12,23,29,36,55,65,66,79,80,89
23,27,64,81,82
28,8,20,35,50,73,83,100
147,11,39,41,49,53,56,58,59,65,78,84,86
30,2,10,17,22,46,85
56,48,55,67,72,76,86,99
31,34,38,45,47,54,68,81,95
42,5,7,8,11,36,43,44,54,55,96
25,6,15,21,42,54,61
47,18,19,24,60,76,77
38,16,37,63,85,90,92
38,40,51,71,97,98
69,1,9,14,28,33,75,81,88
43,3,13,32,52,57,69,70
