100
10
2423,1,3,5,7,9,10,11,12,13,14,15,17,18,19,20,22,24,25,29,31,32,34,35,36,38,39,40,42,43,45,46,48,50,51,54,55,57,60,61,62,64,65,68,69,71,72,73,75,78,80,82,83,84,85,86,87,88,89,92,94,95,97,99
1362,2,4,6,8,9,12,15,16,21,22,23,24,26,27,28,29,30,32,33,37,41,44,47,48,49,51,52,53,56,58,59,63,64,66,67,68,70,73,74,76,77,79,81,82,87,90,91,92,93,96,98,99,100
70,16,20,21,27,39,48,58,69,71,77,81,84,97
274,6,9,10,14,23,29,31,42,43,47,52,56,63,70,85
39,13,32,38,46,50,55,60,62,72,78,80,87,88,95,99
120,1,37,51,61,64,66,75,79,83
284,2,3,11,12,18,19,28,33,44,45,49,53,57,65,67,68,73,94
87,7,15,25,26,30,36,54,59,76,89,90,93,96
110,5,8,22,40,52,74,86,91,92,98
113,4,17,24,34,35,41,65,82,100
