150
20
1913,1,2,3,4,8,10,14,15,16,17,18,20,21,29,43,44,45,55,57,63,65,67,68,70,71,73,74,75,77,90,99,100,102,105,107,108,109,114,115,117,118,121,129,132,139,140,141
391,3,5,8,12,17,29,30,32,34,35,37,38,39,40,42,43,44,46,49,50,51,57,58,59,61,62,63,65,66,68,76,77,78,79,80,81,85,90,91,92,93,98,99,105,106,110,111,116,117,118,119,120,121,123,124,126,128,132,135,136,137,147,149
932,6,7,9,10,11,13,14,19,23,25,28,29,31,35,36,39,41,42,46,49,50,51,52,54,56,57,68,74,78,83,84,86,87,89,93,95,96,100,103,110,112,113,117,122,129,131,133,138,142,145
2090,2,8,10,12,17,19,22,24,26,27,28,33,35,36,37,44,47,48,53,60,64,67,68,69,71,72,73,75,79,82,83,85,86,88,91,94,97,98,101,104,110,123,125,127,130,131,132,134,140,143,144,146,147,148,150
363,21,29,40,55,62,68,74,84,93,116,120,138
39,8,18,32,41,64,87,104,119,141
27,27,30,44,57,70,131,140
41,9,36,47,48,61,71,106,128,129,135,144
144,16,80,85,89,105,111,136,137
76,7,17,19,24,54,69,88,98,108,126,133
41,6,28,38,86,90,100,101,150
158,23,31,45,59,78,79,94,97,100,103,112
63,15,46,50,82,91,102,117,142
134,1,3,5,12,42,52,65,76,95,107,123,125,130,147,148,149
59,4,20,34,37,43,73,109,124,134,139
78,14,58,67,92,99,113,132,143,145
38,10,39,49,51,63,66,81,115,122
172,13,16,33,35,75,83,96,121
174,2,11,26,53,60,77,127
46,22,25,56,72,110,114,118,146
