150
20
141,4,13,15,16,26,31,33,35,36,39,40,44,48,49,54,55,58,59,60,61,67,68,69,70,71,72,73,77,79,82,87,88,89,92,93,96,101,102,107,110,112,113,114,116,118,119,120,121,123,124,128,129,132,136,140,145,146,150
224,2,10,14,17,18,19,20,21,28,30,33,36,38,39,42,45,50,51,58,60,62,63,64,66,69,74,76,78,79,80,83,89,90,95,96,97,99,104,110,112,122,128,130,133,138,139,141,142,145
462,1,4,5,6,8,9,11,15,16,19,22,24,25,27,28,29,30,31,32,33,34,36,39,41,43,44,47,48,54,56,57,60,65,66,71,72,73,76,77,78,79,80,85,86,89,98,100,105,107,108,109,110,111,113,115,117,126,135,136,139,142,144,145,146,148,149
94,3,6,7,8,12,19,22,23,25,30,36,37,39,43,46,48,52,53,55,56,58,59,63,71,75,76,77,81,82,83,84,86,89,91,94,96,97,103,106,107,108,112,113,117,121,125,127,131,134,137,140,143,147
44,1,10,24,29,34,83,120,138,139
192,4,17,18,20,65,93,103,107,114,117,131
55,11,31,36,43,54,64,78,82,102,123,125
69,22,45,59,67,70,77,85,94,121,128
58,13,15,35,39,41,47,55,89,99,101,109,119,126,141
33,48,52,72,122,143
79,2,63,116,118,137,145
254,5,9,27,58,61,87,108,111,112,113,115,147
37,7,9,21,68,71,74,104,124,127,134,144,148
74,8,37,40,62,80,92,130,132
39,3,6,23,50,73,88,97,129,140
54,19,30,32,49,53,74,136
224,26,38,44,51,56,57,66,95,96,133
40,14,60,69,76,79,81,84,90,150
63,12,16,25,28,42,46,72,91,100,105,135,149
54,5,33,75,86,98,106,110,142,146
