150
15
1355,2,5,11,13,14,15,17,19,21,22,23,25,28,30,32,33,35,36,38,40,41,42,44,50,54,55,57,61,62,63,64,65,67,69,70,77,78,79,80,81,83,85,86,94,96,100,101,102,103,104,106,107,109,110,111,112,113,114,116,120,125,126,127,129,132,137,138,139,140,142,143,144,148
2365,1,2,6,9,10,16,18,24,26,27,29,31,33,41,49,50,52,53,56,66,70,71,73,74,75,80,84,88,89,92,95,101,105,109,111,112,113,115,118,120,121,122,123,125,126,127,128,133,135,136,141,146,149,150
112,3,4,7,8,11,12,17,18,19,20,30,32,34,36,37,39,40,43,45,46,47,48,51,58,59,60,61,66,68,71,72,76,79,82,87,89,90,91,92,93,97,98,99,102,108,109,112,113,116,117,119,120,124,126,128,129,130,131,134,135,145,147,148
79,40,54,65,78,99,105,107,116,122,130,134
118,14,16,30,39,59,69,74,102,140
822,7,20,34,37,46,49,50,51,64,86,91,93,97,100,101,106,112,123,132,142
335,9,10,42,44,57,83,85,98,115,121,141,148,149
595,11,18,21,24,35,36,43,55,68,75,84,87,89,124,131,138
80,72,79,81,102,114,117,128,133,139,144
97,12,33,38,80,82,103,104
86,13,23,32,45,52,56,62,66,67,71,77,92,111,113,129,137,143,145
69,2,4,26,48,61,63,119,144,146,147
49,8,25,28,29,31,47,58,73,94,95,108,109,125,127,135,136
294,3,6,15,17,22,53,70,76,88,90,96,110,118,120
135,1,5,19,27,41,60,126,150
