100
10
70,2,4,9,12,14,17,18,19,20,21,22,24,28,30,33,34,37,38,41,44,45,51,53,54,56,57,58,59,61,62,64,65,66,68,70,75,81,82,84,85,87,89,93,96,97,98,99
120,1,3,5,6,7,8,10,11,13,15,16,20,23,24,25,26,27,29,30,31,32,34,35,36,39,40,41,42,43,46,47,48,49,50,51,52,55,60,61,62,63,64,67,69,70,71,72,73,74,76,77,78,79,80,83,86,87,88,90,91,92,93,94,95,99,100
55,1,2,15,20,32,55,57,61,65,75,88,97
347,8,14,29,43,44,49,52,63,71,72,73,79,82,87,92,98,100
69,3,7,13,15,24,33,35,38,47,54,60,62,85
261,9,16,18,24,30,42,45,46,59,80,86,91
41,5,11,12,23,36,51
47,4,34,41,48,53,56,58,64,68,69,70,76,77,78,84,90,96
191,17,22,25,28,31,37,39,50,66,67,74,93,94,99
76,6,10,19,21,26,27,40,81,83,89,95
