100
20
60,2,9,10,20,21,23,25,35,36,37,38,39,40,44,45,48,52,57,69,70,71,72,74,83,87,88,94,95,96
73,8,11,13,15,16,18,24,28,31,38,41,46,54,58,60,62,68,74,75,77,79,80,81,82,83,85,93,94,95,98,100
487,3,4,5,6,10,14,16,18,19,22,26,30,31,32,33,34,38,41,42,47,50,51,53,55,56,57,60,62,63,64,65,66,67,73,74,75,76,78,79,84,89,90,91,96,99
293,1,7,10,11,12,13,17,18,20,22,27,29,43,44,48,49,58,59,61,63,70,74,82,84,86,92,97,99
34,14,31,63,71,81,90
71,17,26,49,76,84,99
52,50,55,59,74,85
95,2,19,23,41,53,57,77,83,95,96
62,7,10,12,19,47,89
51,3,18,22,24,28
29,4,8,15,30,64,81
24,34,46,52,92
70,5,20,21,33,44,79
36,8,11,16,26,32,70,82,88,98
53,4,23,48,58,63,65,78,86
46,37,40,45,89,92,93,100
135,1,20,36,42,54,61,67,68,72,75,80,87
45,6,9,21,25,27,35,43,56,62,91
30,39,51,60,66,67
59,13,29,38,41,69,73,94,97
