150
10
452,2,4,7,11,12,13,14,15,16,17,18,19,24,25,28,31,33,35,36,40,41,44,45,46,47,48,50,53,58,60,61,65,66,67,68,70,74,77,79,80,82,83,85,86,87,89,90,93,95,97,98,100,101,103,104,105,106,109,113,115,123,129,131,132,133,134,135,137,138,140,141,142,143,144,147,149,150
162,1,3,5,6,7,8,9,10,12,13,15,20,21,22,23,26,27,29,30,32,34,37,38,39,42,43,49,51,52,53,54,55,56,57,59,62,63,64,68,69,70,71,72,73,75,76,78,80,81,84,85,86,87,88,89,91,92,94,96,97,99,101,102,104,105,106,107,108,110,111,112,114,116,117,118,119,120,121,122,123,124,125,126,127,128,130,131,132,136,138,139,144,145,146,148,150
893,1,2,4,12,17,18,19,22,27,36,49,51,54,68,81,86,91,93,95,96,107,120,125,127,130,132,136,146
805,6,33,39,42,47,52,56,57,60,84,90,98,102,112,116,118,119,123,124,129,137,138,150
68,9,13,14,26,38,43,46,59,66,73,99,108,131,133,147,149
759,5,29,31,32,37,40,41,53,63,67,73,74,75,103,104,114,121,135
49,8,15,16,21,23,30,34,64,73,76,79,80,92,106,110,111,113,122
42,3,50,55,72,77,82,87,88,100,105,117,139,144,145
437,7,10,11,20,24,25,35,44,45,58,65,70,71,83,89,115,140,143,148
275,28,48,61,62,69,78,85,94,97,101,109,126,128,134,141,142
