100
25
1097,2,3,6,12,14,15,19,22,23,30,31,32,35,40,46,47,48,49,55,57,61,63,66,70,71,72,73,74,78,79,86,87,88,89,90,91,92,93,95,96,98
869,4,10,11,13,17,18,20,26,28,30,32,36,37,42,43,51,52,56,57,58,60,63,67,69,70,75,81,83,85,91,92,97,98
296,5,8,11,13,15,16,20,33,38,44,48,50,56,58,60,61,62,63,64,66,68,71,74,76,79,82,86,94,99
294,1,7,8,10,15,16,18,21,22,24,29,30,31,33,35,38,39,41,42,44,45,46,49,54,59,62,63,64,70,72,74,78,79,80,84,85,86,90,97
739,9,10,11,14,15,19,21,25,27,28,31,34,37,40,42,43,50,53,54,60,65,72,76,77,79,82,87,88,90,94,97,99,100
33,29,84,87
88,17,21,37,39,63,100
85,5,8,24,34,50,72,74,90,94,96
20,45,85
84,41,46,57,58,73,81
49,1,32,62,82,83
41,11,54,61,91,95
24,35,68
63,20,31,44,45,79
34,32,64,76,77,94
69,4,10,16,22,48,51,60,80,97
63,25,33,43,49,88,89
129,13,26,28,40,52,56,65,92
51,14,19,65,98
98,5,9,15,27,67,71,78,99
45,2,6,36,62,66,75
39,7,18,53,55,65,86
52,12,23,31,68,70,78
92,3,11,19,30,59,69,93
47,11,38,42,47,51
