100
10
134,2,4,6,7,8,9,12,19,20,21,24,29,30,31,32,33,34,36,37,38,39,41,43,45,46,47,48,51,52,54,55,57,59,60,65,66,68,71,74,75,78,79,81,82,84,85,86,87,88,91,94,96,97,98
488,1,3,5,6,7,10,11,13,14,15,16,17,18,20,21,22,23,24,25,26,27,28,33,35,37,40,42,43,44,49,50,53,56,57,58,59,61,62,63,64,67,69,70,71,72,73,76,77,79,80,81,82,83,89,90,92,93,95,97,99,100
148,1,2,8,38,44,48,51,52,55,59,86
97,6,18,30,40,51,53,68,74,80,88,90,96
74,7,9,14,15,20,21,23,28,46,62,65,66,71,73,76,81,82,84,85
36,11,33,36,42,43,47,60,63,64,72,77,95
180,4,5,10,12,13,32,34,41,70,89,92,93
271,19,22,24,29,37,39,50,54,56,58,61,69,78,83,99,100
63,3,17,20,26,27,35,67,79,91,97
87,16,25,31,45,49,57,75,87,93,94,98
