150
30
318,1,5,7,10,11,13,14,18,19,20,22,28,32,34,38,39,40,41,42,44,49,50,52,53,55,56,59,60,61,65,67,71,74,77,78,80,81,82,84,87,88,93,100,107,109,110,112,115,121,125,126,130,131,134,136,139,141,142,144,145,148,149,150
842,1,4,5,6,7,9,12,15,21,36,41,44,51,53,54,58,60,61,62,63,66,68,74,81,86,88,89,90,92,96,98,101,102,106,107,108,109,110,111,120,122,128,132,137,140,143
586,1,3,7,9,16,17,26,29,30,31,32,33,35,36,37,38,42,43,44,45,48,50,51,52,53,57,60,65,66,67,68,74,76,78,79,81,82,84,86,87,89,91,96,98,99,103,104,105,106,110,115,117,125,129,134,137,138,145,146,147,150
660,1,6,7,18,19,23,25,26,36,37,40,43,44,46,47,49,50,52,53,54,56,64,69,70,78,79,81,82,84,85,87,94,98,100,113,115,117,118,119,123,127,129,133,142,144,149
1167,2,5,7,8,14,17,20,22,24,27,34,37,45,46,54,56,60,63,67,69,70,75,76,78,84,91,93,95,96,102,104,105,109,110,112,114,116,117,118,120,121,123,124,133,144
217,1,5,14,21,26,35,36,41,44,47,52,53,54,59,65,66,72,73,75,78,83,84,86,88,97,100,101,102,106,108,111,112,118,124,125,127,130,135,137,138,139,142,145,147,148
45,32,39,73,147
46,22,43,113,146,148
40,18,64,77,93,149
87,5,8,15,41,46,55,56,64,65,75,92,111
48,2,10,16,47,58,71,96
45,19,36,72,101,132
116,53,69,76,87,89,94,127,148
86,3,11,58,68,82,103
39,29,58,79,83,148
125,21,23,28,78,88,94,105,106,107,115
82,24,33,38,44,52,59,66,73,85,97,118
44,4,38,63,74,83,125,142
76,6,51,54,99,108,109,128
64,5,40,84,91,104
91,7,17,26,49,121,123,135,138,141,150
68,34,73,76,102,112,116,119,120,122,131,145,148
79,14,25,58,60,88,124,139
71,70,94,100,121,137
68,1,25,45,80,90,114,129
29,57,61,67,81
81,20,25,42,98,110,117,143,144
82,9,12,37,48,62,65,86,133,134,140
79,7,13,31,33,35,95,126,130,140
59,15,27,30,50,136
