100
20
238,7,12,18,20,33,34,45,52,54,57,58,59,61,64,66,67,72,74,78,79,80,81,87,89,90,91,95,99
65,14,15,21,30,34,35,36,38,42,43,44,53,60,61,63,64,65,68,70,73,75,78,81,83,85,88,91,99,100
609,1,2,4,6,8,9,10,13,15,17,21,22,23,25,26,27,28,31,32,34,37,39,40,43,51,56,58,61,62,69,76,77,82,84,85,93,94,96,97,98,99
135,3,5,11,14,16,17,19,21,23,24,29,36,41,46,47,48,49,50,51,55,57,58,59,61,62,66,71,73,82,83,86,89,92,97,100
33,2,14,22,30,39,70,74,82
28,7,49,75,76,92
27,4,33,52,71,79
60,3,10,63,72,83
45,4,32,44,56,58,77,80,94
32,2,60,67,73,86
56,1,29,38,43,90,97
48,6,19,40,62
57,11,20,24,27,28,38,46,61,85,88,89,91
44,18,23,26,35,36,81,93,98,99,100
38,16,17,24,32,42,47,66
101,5,8,25,31,51,57,59,64,65,68
51,12,15,34,44,46,50,53,84,95
51,8,13,19,37,48,54,69,96
47,21,67,78,87
34,9,41,45,55,74
