50
25
249,3,5,7,12,15,17,18,19,20,21,24,25,28,30,32,36,38,39,43,45,49
290,1,4,8,9,11,12,13,14,16,27,30,35,41,43,44,50
99,2,3,5,6,9,11,13,15,17,23,24,25,28,29,35,37,42,45,49
239,6,10,13,15,19,26,28,34,40,44,47,48
134,1,2,9,10,12,13,15,17,22,23,25,26,31,33,35,37,46,48
19,6,25
19,17,19
17,32,45
64,1,6,36,37,42
40,6,17,38,47
36,3,6,49
29,5,37,41,43
51,4,21,22,46,48
61,7,19,34,40
50,1,6,7,33
125,10,11,13,23,44,45,50
37,17,20,26,27
30,7,37,39
10,31
75,2,12,17,34,35
56,6,13,15,16,30
56,5,10,28,31,39
18,9,24
23,14,19
45,8,9,17,18,28,29,30
