150
15
769,4,8,10,11,15,17,20,24,27,30,31,32,33,34,36,37,42,45,46,47,48,49,52,54,57,58,60,68,69,74,77,78,79,82,83,84,86,87,88,90,92,93,94,96,97,99,103,105,110,111,114,116,117,121,123,124,127,128,130,131,133,135,136,139,140,142,144,148,149
3574,3,5,6,7,8,12,14,15,16,19,21,25,29,30,38,40,41,43,48,50,53,56,58,66,67,71,73,74,75,76,77,85,89,91,92,93,95,97,99,100,102,106,108,109,115,116,118,120,121,122,124,125,129,132,137,138,142,143,144,150
2083,1,2,7,9,11,12,13,15,18,20,22,23,26,28,30,35,36,39,40,44,46,49,50,51,52,55,57,59,60,61,62,63,64,65,66,67,69,70,72,73,79,80,81,83,84,87,92,95,98,99,101,102,104,106,107,112,113,119,121,122,124,126,128,134,141,144,145,146,147
493,1,12,27,35,42,81,90,94,105,113,130,133,135,139,141,145
84,8,9,18,25,34,38,55,91,95,98,108,111,126,142,143,147,148
45,3,4,6,19,22,39,45,46,54,76,85,99,149
198,2,15,23,36,40,50,63,74,78,80,134,144,146
94,17,26,30,41,52,53,71,77,83,92,96,104,109,115,121,127,128,129,150
111,29,56,68,72,77,102,106,110,112,125,136
149,24,28,33,36,55,58,59,66,75,79,86,97,103,123,124,131,132
157,5,32,37,40,47,60,64,65,89,101,107,117,140,142
146,7,10,11,21,43,44,51,55,87,93,118
103,57,61,70,82,114,120,122,137
221,13,16,62,69,73,84,100,116,119
165,14,20,27,31,48,49,67,88,138
