100
20
83,1,5,11,12,14,15,18,22,25,34,35,37,41,43,44,47,53,60,64,65,67,75,79,80,81,82,85,86,87,88,91,93,95,97
115,4,10,11,18,19,22,23,28,29,31,32,33,34,37,39,42,43,45,46,48,57,58,59,61,62,63,65,66,69,72,73,74,75,78,82,84,87,90,92,93,95,96,99,100
144,2,7,13,17,18,21,22,26,27,30,32,34,38,46,47,48,49,51,54,55,56,57,61,62,65,66,70,71,73,74,77,85,94,95,96
1256,3,6,7,8,9,10,11,16,20,24,33,36,38,40,41,47,50,52,56,61,68,76,80,83,89,98,99
80,7,18,32,49,63,86
32,3,28,34,75,79,83
67,13,21,44,52,58,62,81,89
129,14,20,33,55,56,67,70,71,74,87,93
29,4,23,26,48
33,9,15,43,46,55
66,35,38,60,64
51,45,72,76
68,28,41,61,66
65,5,20,27,29,40,50,53,69,94
234,12,17,19,25,30,36,57,59,78,88,96,98
36,10,11,24,37,39,47,57,84,90
29,20,73,88,91,92,97
29,8,22,44,51,65,95
175,1,6,15,68,77,82,85,100
110,2,16,31,42,54,80,99
