100
30
223,1,3,6,10,11,12,15,18,20,25,27,29,31,34,39,42,43,45,49,52,55,61,68,71,73,82
211,1,2,7,9,18,21,22,23,26,27,31,34,37,41,43,45,46,54,59,60,63,64,65,71,72,73,74,75,80,81,83,84,85,87,89,90,94,95
211,1,3,4,7,9,13,14,16,18,20,23,27,29,30,41,45,46,48,50,61,62,64,69,70,74,80,82,83,88,91,93,98,100
121,8,16,21,22,24,25,26,29,32,36,38,41,45,50,51,58,66,76,77,78,79,80,82,86,96,99
817,1,2,5,6,8,9,11,20,22,23,26,33,35,36,39,40,41,46,47,51,54,56,57,61,64,66,67,69,70,72,75,76,77,82,85,91,92,94,95
95,8,10,13,17,18,19,28,29,33,35,36,39,40,44,49,53,54,60,70,83,84,86,97,100
51,39,58,59,66,77,80
41,11,44,70,74,75,82
32,63,67,79
31,16,31,33
78,13,24,25,45,54,55,88,89
42,37,52,60,65,80,96
83,5,21,36,47,78,93
28,12,20,53
102,14,15,29,68,88,100
60,9,26,28,71,87,95
10,11
49,1,35,36,48
54,41,76,84,85,98
56,10,27,49,69
45,32,40,42,44,56
60,18,34,37,51
22,16,97
77,23,30,57,61,62,86
21,22,38
49,4,7,10,36,81,92
93,3,6,17,19,43,46,63,66,72
58,2,8,59,63,72
42,50,73,83,94
89,19,55,64,90,91,93,99
