100
20
608,3,5,6,10,16,19,24,25,27,31,38,40,51,52,53,56,57,63,66,67,69,76,80,84,86,88,89,90,95,97,99,100
810,4,5,7,8,11,12,14,15,16,21,22,23,28,34,37,40,41,43,44,46,47,48,59,60,61,65,69,70,71,74,76,79,80,81,83,84,87,89,90,93,95,96,98,100
1966,1,2,4,7,8,9,14,16,17,18,25,29,30,33,35,37,39,47,50,51,54,55,58,61,62,64,68,72,74,75,77,81,89,90,91,92
602,6,13,14,19,20,26,28,32,33,36,39,42,43,44,45,49,50,51,57,71,73,77,78,79,82,84,85,87,93,94,95,99
88,14,28,31,75,77,88
51,3,23,24,29,32,45,54,62,78,81,96,98
27,48,84
108,40,46,67,76,89
108,12,30,37,53,79,85,94
31,9,16,19,50,63,70
25,10,34,57,58,93,95
116,6,13,18,25,26,38,41,69,75,83,99
47,27,42,43,49
338,5,8,11,16,17,22,33,56,65,72,82,93
130,20,36,53,55,64,66,73,76,90
50,1,39,52,87
67,2,21,45,59,80,88,97
99,35,47,51,86,99
193,35,44,51,61,71,74,75,91,100
42,4,7,15,60,68,92
