150
25
685,1,4,6,8,13,14,19,25,35,40,42,46,49,54,56,62,69,71,72,74,75,77,80,81,82,83,84,90,92,93,99,100,102,104,108,110,111,112,114,115,116,119,121,122,124,125,126,128,131,137,138,142,145,149,150
510,1,4,9,11,14,15,18,21,22,25,28,29,31,32,36,38,39,40,41,47,48,51,52,54,55,56,57,58,59,61,62,67,68,71,72,73,76,77,87,93,100,103,104,106,109,113,114,120,123,126,129,132,133,135,140,141,142,144,149
840,2,5,13,15,16,20,21,24,27,37,41,42,44,45,50,64,66,67,70,71,78,89,91,97,101,102,110,111,113,118,120,128,130,131,133,134,141,143,146,148,149
329,7,8,9,10,12,13,16,19,23,26,28,30,48,52,54,60,61,63,70,73,79,80,84,86,87,89,90,94,95,96,97,98,101,104,105,107,109,113,117,122,124,125,131,132,133,141,144,147
328,1,3,11,13,15,17,20,26,28,30,32,33,34,35,41,43,52,53,62,65,69,76,78,79,85,88,90,91,95,96,101,103,104,111,112,114,116,120,123,127,128,133,136,139,147
42,8,47,67,129,146
93,6,14,79,108,130,131
76,40,64,103,104,116,134,142
170,3,10,25,31,50,61,76,92,132,144
87,23,27,37,95,124,143
31,26,71,105
116,11,18,19,35,44,54,57,81,83,101,102,140
81,2,4,49,53,77,88,90,99,139,149
87,5,9,29,32,39,51,63,72,75,80,104,107,110,120
119,34,37,78,89,109,126,128,141,145
71,12,24,28,43,52,69,84,113,118,150
83,31,38,41,59,65,82,91
39,15,56,91,98,121,123,148
96,17,36,42,46,60,66,74,112,122
58,68,85,87,127,136
97,1,7,13,55,94,135
71,16,45,58,70,73,93,114,122
65,6,48,71,96,100,111,115,117,125,133,138
35,30,97,119
77,20,21,22,33,62,86,106,137,147
